-0.106600	0.000000	-0.000000
-0.000000	0.108217	0.000000
0.108542	0.000000	-0.000000
0.063001	0.080927	-0.026631
-0.066641	0.068691	-0.003210
0.101791	-0.014647	-0.020561
-0.097938	-0.014143	-0.010421
-0.057300	0.040235	0.036983
-0.062689	0.036336	0.036555
-0.068093	0.033886	0.033943
-0.067902	0.033418	0.028572
-0.060769	0.035139	0.025151
-0.053182	0.090278	0.060533
-0.051210	0.074701	0.057358
-0.052385	0.058990	0.043724
-0.003628	0.062950	0.045491
-0.009681	0.062130	0.042000
-0.011299	0.052947	0.037163
-0.005015	0.052445	0.032192
-0.000982	0.055366	0.035412
-0.002788	0.054120	0.031691
0.004071	0.056543	0.036790
-0.002564	0.055965	0.040142
0.025922	0.050865	0.039381
0.019746	0.052698	0.041208
0.016890	0.052160	0.036404
0.018047	0.050034	0.029795
0.023774	0.034746	0.014960
0.028432	0.037005	0.015993
0.032300	0.036794	0.020865
0.030199	0.035478	0.026087
0.025418	0.034041	0.027815
0.042725	0.026120	0.055227
0.036286	0.029946	0.052758
0.036050	0.030550	0.045179
0.039052	0.032100	0.042053
0.041833	0.027571	0.037186
0.047932	0.023801	0.038907
0.048968	0.022725	0.045339
0.046307	0.019473	0.050077
0.048614	0.023770	0.050063
-0.031652	0.024937	0.062929
-0.038303	0.024451	0.060320
-0.038742	0.023835	0.055871
-0.031249	0.023771	0.050851
-0.028382	0.028653	0.051324
-0.021819	0.027306	0.053495
-0.020388	0.026632	0.058189
-0.025744	0.024821	0.062657
0.080437	0.002499	0.034065
0.076310	0.006885	0.038902
0.071730	0.022854	0.040802
0.071704	0.024751	0.031968
0.071460	0.023115	0.026600
0.076178	0.020129	0.022175
0.079526	0.017717	0.024785
0.081808	0.009512	0.030939
0.076132	0.013023	0.034287
-0.045180	0.036271	0.106524
-0.051180	0.032737	0.105660
-0.056985	0.031478	0.101797
-0.057857	0.032242	0.096807
-0.053547	0.037056	0.093547
-0.048300	0.036839	0.092957
-0.041670	0.039927	0.097109
-0.040494	0.037557	0.101145
-0.045222	0.034173	0.105425
0.004706	0.045053	0.101038
-0.002117	0.044775	0.101194
-0.008998	0.046681	0.099237
-0.008669	0.046376	0.094005
-0.002096	0.049979	0.090449
0.003604	0.049166	0.089110
0.009925	0.048883	0.091396
0.011662	0.046779	0.095613
-0.083689	0.028491	0.077445
-0.085313	0.022350	0.081285
-0.087260	0.016797	0.079181
-0.087905	0.014789	0.075836
-0.090202	0.014409	0.069261
-0.088030	0.014575	0.062705
-0.084170	0.020912	0.066009
-0.082188	0.025097	0.069751
-0.080727	0.024108	0.076566
-0.087361	-0.008141	0.049043
-0.086767	-0.013348	0.053692
-0.087587	-0.017826	0.054293
-0.090525	-0.021054	0.048394
-0.090669	-0.018415	0.042463
-0.090925	-0.012276	0.038458
-0.088189	-0.006361	0.039360
-0.086211	-0.005961	0.043905
-0.086300	-0.006556	0.050271
-0.065714	0.004618	0.095895
-0.069449	0.000137	0.093109
-0.070115	-0.005561	0.096269
-0.064725	-0.007112	0.100805
-0.060451	-0.005990	0.103940
-0.055529	-0.000688	0.105904
-0.056577	0.003779	0.103722
-0.060293	0.006000	0.098397
-0.065193	0.004926	0.094347
-0.069466	-0.000246	0.092115
-0.070591	-0.004383	0.096351
-0.013242	0.022592	0.120337
-0.018942	0.017915	0.122236
-0.017884	0.012008	0.124557
-0.011303	0.009667	0.126093
-0.004127	0.011219	0.125747
0.000711	0.016098	0.123582
0.000438	0.021127	0.119783
-0.006247	0.022297	0.117044
-0.013603	0.022119	0.119169
-0.018603	0.016241	0.121341
-0.018027	0.011623	0.124269
0.022229	0.019957	0.120215
0.015450	0.022190	0.119864
0.014175	0.027141	0.115874
0.018211	0.031749	0.112524
0.025900	0.034250	0.111680
0.032324	0.031813	0.111133
0.034452	0.026575	0.115499
0.029064	0.021823	0.118658
0.021844	0.021414	0.119788
0.047925	0.028301	0.102169
0.043292	0.031211	0.106941
0.039208	0.035888	0.104093
0.039397	0.039856	0.097975
0.042075	0.038688	0.092404
0.046963	0.037224	0.088232
0.050691	0.031884	0.091117
0.051109	0.028366	0.097683
0.046700	0.026490	0.101296
-0.072154	-0.037287	0.082694
-0.070325	-0.043708	0.082937
-0.071319	-0.046589	0.077283
-0.073528	-0.045987	0.072487
-0.077289	-0.042508	0.068297
-0.076900	-0.036898	0.067142
-0.073561	-0.033908	0.071677
-0.073236	-0.035038	0.076507
-0.070229	-0.038263	0.082204
-0.081355	-0.076228	0.012464
-0.076853	-0.080024	0.010866
-0.078683	-0.076286	0.001642
-0.079817	-0.071804	-0.001655
-0.080229	-0.065908	0.003438
-0.077539	-0.064782	0.007393
-0.077231	-0.066771	0.012219
-0.075345	-0.071742	0.016166
-0.074640	-0.072161	0.014374
-0.028267	-0.019466	0.126190
-0.023093	-0.025335	0.126048
-0.022175	-0.026759	0.126820
-0.027429	-0.030022	0.125010
-0.032590	-0.030803	0.123132
-0.038794	-0.027713	0.121241
-0.039106	-0.025587	0.120445
-0.034512	-0.020749	0.123057
-0.028547	-0.020230	0.126097
-0.023150	-0.025325	0.126270
0.026449	-0.002814	0.127106
0.021923	-0.009113	0.129286
0.024197	-0.013930	0.131399
0.032516	-0.011740	0.131172
0.038770	-0.010263	0.127994
0.042642	-0.003194	0.126984
0.038767	-0.002633	0.122670
0.033108	-0.003331	0.122964
0.026265	-0.004480	0.125386
0.022251	-0.009411	0.128022
0.058173	-0.006790	0.109494
0.054130	-0.004398	0.114389
0.052488	0.001737	0.112889
0.054276	0.006403	0.107200
0.058840	0.007579	0.102239
0.063084	0.003210	0.097571
0.064549	-0.001179	0.099292
0.061767	-0.004863	0.104971
0.057727	-0.005549	0.109421
0.053447	-0.004206	0.113442
0.053153	-0.010806	0.101682
0.074083	-0.003070	0.064059
0.074271	-0.007435	0.069555
0.076009	-0.013385	0.070251
0.079697	-0.014985	0.064539
0.080918	-0.013828	0.059050
0.083132	-0.007765	0.054136
0.080228	-0.004295	0.053567
0.079867	-0.005260	0.053122
0.076491	-0.002826	0.058114
0.073853	-0.003953	0.063708
0.073074	-0.009100	0.068594
0.021893	-0.063471	0.106168
0.015182	-0.063454	0.105536
0.007918	-0.062712	0.105525
0.003125	-0.068532	0.103992
0.003142	-0.071294	0.102661
0.003538	-0.070853	0.102372
0.012007	-0.070686	0.106725
0.017420	-0.069390	0.105355
0.022259	-0.064745	0.107176
0.022188	-0.062938	0.105976
0.015562	-0.059477	0.106370
-0.037729	-0.080073	0.089459
-0.036409	-0.083740	0.090635
-0.037781	-0.086890	0.084011
-0.039619	-0.083088	0.082546
-0.044964	-0.081656	0.077475
-0.048527	-0.080938	0.078467
-0.044897	-0.075353	0.082066
-0.040754	-0.077105	0.084331
-0.036053	-0.080226	0.088844
-0.035517	-0.083472	0.090066
-0.013094	-0.093299	0.086968
-0.019708	-0.097417	0.085534
-0.022023	-0.097437	0.084035
-0.016383	-0.097364	0.081002
-0.012517	-0.093670	0.081119
-0.012177	-0.092554	0.082189
-0.005400	-0.092518	0.084924
-0.002482	-0.096034	0.082939
-0.010151	-0.093629	0.085681
-0.015374	-0.093064	0.085804
-0.021389	-0.096155	0.085305
0.054467	-0.008720	0.093848
0.052693	-0.013656	0.098098
0.053199	-0.019005	0.099075
0.057400	-0.020601	0.094407
0.060497	-0.018882	0.089356
0.062758	-0.013718	0.085183
0.062550	-0.011305	0.083485
0.058364	-0.009153	0.088310
0.054376	-0.010423	0.093707
0.042154	-0.077963	0.091716
0.049198	-0.078157	0.089914
0.049001	-0.074147	0.089315
0.045164	-0.078541	0.085112
0.040871	-0.074033	0.088182
0.034970	-0.074410	0.089563
0.035415	-0.074871	0.092099
0.039598	-0.074793	0.095180
0.046613	-0.071186	0.095211
0.051145	-0.071839	0.092411
0.069151	-0.050324	0.086165
0.065050	-0.048922	0.091834
0.064560	-0.047071	0.091269
0.065734	-0.040843	0.087385
0.069745	-0.039158	0.082004
0.073113	-0.040719	0.076343
0.073125	-0.043251	0.076707
0.069229	-0.045674	0.085753
0.065859	-0.049444	0.087681
0.070164	-0.070322	0.076843
0.073733	-0.064667	0.073154
0.075631	-0.065333	0.068762
0.070502	-0.071019	0.066775
0.064232	-0.065767	0.076659
0.058937	-0.067531	0.080656
0.059696	-0.070792	0.081327
0.063135	-0.065723	0.083204
0.068837	-0.067709	0.077723
0.085911	-0.028675	0.032262
0.086929	-0.034561	0.036117
0.087371	-0.039570	0.035507
0.087200	-0.039895	0.029114
0.085067	-0.035871	0.023912
0.087837	-0.028744	0.014725
0.087805	-0.028277	0.019008
0.088934	-0.034592	0.009441
0.087758	-0.031053	0.014627
0.086975	-0.034704	0.025658
0.071034	-0.088190	0.043108
0.066260	-0.092678	0.043819
0.062459	-0.093745	0.042566
0.064468	-0.091181	0.036725
0.068245	-0.089039	0.033862
0.074864	-0.083337	0.032435
0.077424	-0.083896	0.033987
0.073675	-0.085455	0.039247
0.069248	-0.087454	0.043647
0.064855	-0.092482	0.044160
0.025940	-0.103861	0.055373
0.020130	-0.105625	0.057845
0.014625	-0.109303	0.057472
0.010182	-0.110023	0.055528
0.011167	-0.109312	0.055539
0.016128	-0.106323	0.054415
0.022462	-0.105498	0.053103
0.026394	-0.101303	0.055850
0.026358	-0.100969	0.057900
0.039692	-0.108293	0.025781
0.036561	-0.113783	0.021789
0.033433	-0.110962	0.019525
0.037722	-0.107480	0.015354
0.042240	-0.101916	0.016103
0.046863	-0.098384	0.018909
0.047623	-0.099914	0.020447
0.045323	-0.101545	0.024012
0.043448	-0.103385	0.024441
0.039789	-0.109296	0.024655
-0.013054	-0.123220	0.027352
-0.018422	-0.121584	0.024615
-0.017679	-0.117869	0.024967
-0.009687	-0.117224	0.021264
-0.004217	-0.117798	0.020481
0.000792	-0.118553	0.024125
0.001171	-0.118485	0.028877
-0.005415	-0.119576	0.030832
-0.012134	-0.119353	0.030089
-0.015878	-0.118385	0.026816
-0.047794	-0.094105	0.049214
-0.048129	-0.092323	0.046942
-0.049134	-0.095853	0.039423
-0.046397	-0.096596	0.040005
-0.045922	-0.098507	0.046571
-0.046267	-0.097360	0.047691
-0.039584	-0.096526	0.055034
-0.035925	-0.094792	0.058427
-0.040958	-0.095068	0.058833
-0.042060	-0.088512	0.054225
-0.067601	-0.076539	0.000363
-0.068860	-0.079222	-0.006700
-0.070723	-0.076175	-0.010740
-0.072928	-0.070997	-0.012502
-0.069870	-0.064530	-0.011057
-0.070239	-0.065195	-0.006920
-0.068070	-0.067760	-0.004006
-0.066096	-0.072038	0.000819
-0.065699	-0.077175	0.000790
-0.038991	-0.093845	0.059520
-0.034993	-0.094627	0.060096
-0.038185	-0.098317	0.052226
-0.039996	-0.095306	0.050036
-0.045100	-0.090521	0.049742
-0.044593	-0.087870	0.046838
-0.043334	-0.084859	0.053273
-0.040584	-0.087995	0.055370
-0.036859	-0.092311	0.060114
